48
24
[0,0,0]
[0,0,0]
[0,0,0]
[0,0,0]
[0,0,0]
[0,0,0]
[0,0,0]
[0,0,0]
[0,0,0]
[0,0,0]
[0,0,0]
[0,0,0]
[0,0,0]
[0,0,0]
[0,0,0]
[0,0,0]
[0,0,0]
[0,0,0]
[0,0,0]
[0,0,0]
[0,0,0]
[0,0,0]
[0,0,0]
[0,0,0]
[0,0,0]
[0,0,0]
[0,0,0]
[0,0,0]
[0,0,0]
[0,0,0]
[0,0,0]
[0,0,0]
[0,0,0]
[0,0,0]
[0,0,0]
[0,0,0]
[0,0,0]
[0,0,0]
[0,0,0]
[0,0,0]
[0,0,0]
[0,0,0]
[0,0,0]
[0,0,0]
[0,0,0]
[0,0,0]
[0,0,0]
[0,0,0]
[0,0,-0.03272]
[0,0,-0.03272]
[0,0,-0.03272]
[0,0,-0.03272]
[0,0,-0.03272]
[0,0,-0.03272]
[0,0,-0.03272]
[0,0,-0.03272]
[0,0,-0.03272]
[0,0,-0.03272]
[0,0,-0.03272]
[0,0,-0.03272]
[0,0,-0.03272]
[0,0,-0.03272]
[0,0,-0.03272]
[0,0,-0.03272]
[0,0,-0.03272]
[0,0,-0.03272]
[0,0,-0.03272]
[0,0,-0.03272]
[0,0,-0.03272]
[0,0,-0.03272]
[0,0,-0.03272]
[0,0,-0.03272]
[0,0,-0.03272]
[0,0,-0.03272]
[0,0,-0.03272]
[0,0,-0.03272]
[0,0,-0.03272]
[0,0,-0.03272]
[0,0,-0.03272]
[0,0,-0.03272]
[0,0,-0.03272]
[0,0,-0.03272]
[0,0,-0.03272]
[0,0,-0.03272]
[0,0,-0.03272]
[0,0,-0.03272]
[0,0,-0.03272]
[0,0,-0.03272]
[0,0,-0.03272]
[0,0,-0.03272]
[0,0,-0.03272]
[0,0,-0.03272]
[0,0,-0.03272]
[0,0,-0.03272]
[0,0,-0.03272]
[0,0,-0.03272]
