48
24
[0,0,0]
[0,0,0]
[0,0,0]
[0,0,0]
[0,0,0]
[0,0,0]
[0,0,0]
[0,0,0]
[0,0,0]
[0,0,0]
[0,0,0]
[0,0,0]
[0,0,0]
[0,0,0]
[0,0,0]
[0,0,0]
[0,0,0]
[0,0,0]
[0,0,0]
[0,0,0]
[0,0,0]
[0,0,0]
[0,0,0]
[0,0,0]
[0,0,0]
[0,0,0]
[0,0,0]
[0,0,0]
[0,0,0]
[0,0,0]
[0,0,0]
[0,0,0]
[0,0,0]
[0,0,0]
[0,0,0]
[0,0,0]
[0,0,0]
[0,0,0]
[0,0,0]
[0,0,0]
[0,0,0]
[0,0,0]
[0,0,0]
[0,0,0]
[0,0,0]
[0,0,0]
[0,0,0]
[0,0,0]
[0,0.06545,0]
[0,0.06545,0]
[0,0.06545,0]
[0,0.06545,0]
[0,0.06545,0]
[0,0.06545,0]
[0,0.06545,0]
[0,0.06545,0]
[0,0.06545,0]
[0,0.06545,0]
[0,0.06545,0]
[0,0.06545,0]
[0,0.06545,0]
[0,0.06545,0]
[0,0.06545,0]
[0,0.06545,0]
[0,0.06545,0]
[0,0.06545,0]
[0,0.06545,0]
[0,0.06545,0]
[0,0.06545,0]
[0,0.06545,0]
[0,0.06545,0]
[0,0.06545,0]
[0,0.06545,0]
[0,0.06545,0]
[0,0.06545,0]
[0,0.06545,0]
[0,0.06545,0]
[0,0.06545,0]
[0,0.06545,0]
[0,0.06545,0]
[0,0.06545,0]
[0,0.06545,0]
[0,0.06545,0]
[0,0.06545,0]
[0,0.06545,0]
[0,0.06545,0]
[0,0.06545,0]
[0,0.06545,0]
[0,0.06545,0]
[0,0.06545,0]
[0,0.06545,0]
[0,0.06545,0]
[0,0.06545,0]
[0,0.06545,0]
[0,0.06545,0]
[0,0.06545,0]
